0,1,2
HREF=""/"">,HREF,/"">
HREF=""/20160728/24/"">,HREF,/"">
HREF=""/20160728/25/"">,HREF,/"">
HREF=""/20160728/26/"">,HREF,/"">
HREF=""/20160728/27/"">,HREF,/"">
HREF=""/20160728/28/"">,HREF,/"">
HREF=""/20160728/29/"">,HREF,/"">
HREF=""/20160728/30/"">,HREF,/"">
HREF=""/20160728/31/"">,HREF,/"">
HREF=""/20160728/32/"">,HREF,/"">
HREF=""/20160728/33/"">,HREF,/"">
HREF=""/20160728/34/"">,HREF,/"">
HREF=""/20160728/abp-447/"">,HREF,/"">
HREF=""/20160728/cead-169/"">,HREF,/"">
HREF=""/20160728/dic-017/"">,HREF,/"">
HREF=""/20160728/ftn-035/"">,HREF,/"">
HREF=""/20160728/hunta-124/"">,HREF,/"">
HREF=""/20160728/hunta-126/"">,HREF,/"">
HREF=""/20160728/meyd-143/"">,HREF,/"">
HREF=""/20160728/mist-101/"">,HREF,/"">
HREF=""/20160728/pppd-474/"">,HREF,/"">
HREF=""/20160728/snis-663/"">,HREF,/"">
HREF=""/20160728/star-668/"">,HREF,/"">
HREF=""/20160728/svdvd-532/"">,HREF,/"">
